0.0143207
-0.25051
0.00963148
0.00285012
0.00353826
0.00353826
0.00353826
-0.461238
0.029512
0.0143207
0.0143207
0.0143207
0.0143207
-0.955248
-0.0668537
0.0580013
0.0143207
0.0143207
0.0143207
-0.120526
-0.545083
0.13342
0.0800761
0.0143207
0.0143207
0.239998
-0.0497684
0.0143207
0.0143207
0.0143207
0.0143207
0.190555
0.0460413
0.0107838
0.0107838
0.0107838
0.0107838
-0.839755
-0.95366
0
1.28563
-0.204993
-0.434522
0.954803
0.142967
-0.0330258
-1.41719
0.000449279
-0.00684868
-0.241315
0.0784509
-1.60136
0.294845
2.6175
0.000511661
-0.000277423
0.0264204
-0.000152788
0.000125226
0.000125226
0.000125226
0.298342
0.00547849
0.000511661
0.000511661
0.000511661
0.000511661
-0.0146082
0.0133906
0.0145979
0.000511661
0.000511661
0.000511661
-0.49126
-1.57032
-0.00170937
-0.00290466
0.000511661
0.000511661
0.124503
-0.110752
-0.00131214
0.000511661
0.000511661
0.000511661
-0.00982946
-0.0108195
0.000381468
0.000381468
0.000381468
0.000381468
4.14602
2.90331
0
-0.277895
0.17409
-0.398604
0.713977
-0.282733
-0.125334
-0.896221
1.58266e-05
0.000355675
1.64123
-0.0976783
-0.524043
1.41568
-2.09607
-0.0234581
0.599858
0.0526008
-0.006013
-0.00579797
-0.00579797
-0.00579797
0.021763
-0.0297182
-0.0234581
-0.0234581
-0.0234581
-0.0234581
-0.301304
-0.011598
-0.0315193
-0.0234581
-0.0234581
-0.0234581
0.0706444
0.802501
-0.0106278
0.0162457
-0.0234581
-0.0234581
0.0673923
0.00456182
-0.0241121
-0.0234581
-0.0234581
-0.0234581
0.137854
0.0569065
-0.0176677
-0.0176677
-0.0176677
-0.0176677
-1.47992
-0.883798
0
-0.0827905
-0.297708
0.129406
0.464505
0.637863
-0.562203
0.976802
-0.000736338
-0.00413631
-1.14731
-0.0910934
-0.774668
-0.740331
1.43962
